layer 16: 12685179 boards, target t=8; table {gM>=t} and {gN>=t} sizes: 4504323 1989907
  ply          |W_i|      W nodes      W edges          |N_i|      N nodes      N edges      sec
    0              0            0            0              0            0            0      0.4
    1        2527199                                    39764                                0.6
    2        2566774                                   323926                                1.0
    3        2907376                                   345991                                1.4
    4        2945857                                   662234                                1.6
    5        3245437       196893       878511         681796        71123       297482      2.4
    6        3276049                                   977589                                2.7
    7        3524753                                   995203                                2.9
    8        3550653                                  1223193                                3.3
    9        3755384                                  1238741                                3.6
   10        3777955       214757       982405        1418161       113962       515328      4.4
   11        3946660                                  1433470                                4.7
   12        3967370                                  1573304                                5.0
   13        4098746                                  1583123                                5.3
   14        4110390                                  1685893                                5.6
   15        4207505       228364      1071637        1692505       129208       588913      6.6
   16        4215506                                  1768127                                6.8
   17        4285245                                  1772663                                7.1
   18        4290388                                  1824708                                7.6
   19        4338614                                  1827622                                8.2
   20        4341793       233365      1105565        1862506       139575       634451      9.0
   21        4373903                                  1864748                                9.4
   22        4376256                                  1887888                                9.7
   23        4398189                                  1889707                               10.1
   24        4400188                                  1905816                               10.4
   25        4416508       235666      1123082        1907263       141796       644878     11.2
   26        4418218                                  1919614                               11.5
   27        4430969                                  1920945                               11.8
   28        4432504                                  1930530                               12.1
   29        4442622                                  1931714                               12.6
   30        4443953       236390      1128765        1939479       143046       650916     13.3
   31        4452118                                  1940405                               13.6
   32        4453230                                  1946987                               13.9
   33        4459800                                  1947752                               14.2
   34        4460652                                  1953333                               14.6
   35        4466548       236886      1132657        1953815       143542       652900     15.5
   36        4467157                                  1958951                               15.8
   37        4472697                                  1959343                               16.1
   38        4473189                                  1964235                               16.5
   39        4478345                                  1964571                               16.8
   40        4478780       237123      1134497        1968856       144188       655350     17.7
   41        4483214                                  1969167                               18.1
   42        4483504                                  1972796                               18.3
   43        4487190                                  1973009                               18.8
   44        4487398                                  1976043                               19.1
   45        4490452       237250      1135891        1976172       144380       656016     19.9
   46        4490548                                  1978754                               20.2
   47        4493110                                  1978837                               20.5
   48        4493184                                  1981119                               20.8
   49        4495610                                  1981171                               21.3
   50        4495671       237352      1136607        1983289       144686       657377     22.1
   51        4497837                                  1983318                               22.5
   52        4497873                                  1985120                               22.8
   53        4499729                                  1985132                               23.1
   54        4499735                                  1986552                               23.4
   55        4501031       237449      1137389        1986553       144818       657968     24.3
   56        4501031                                  1987561                               24.7
   57        4501989                                  1987561                               24.9
   58        4501989                                  1988262                               25.4
   59        4502647                                  1988262                               25.7
   60        4502647       237501      1137698        1988748       144950       658516     26.5
   61        4503079                                  1988748                               26.8
   62        4503079                                  1989087                               27.2
   63        4503419                                  1989087                               27.5
   64        4503419                                  1989326                               27.8
   65        4503646       237505      1137782        1989326       144968       658556     28.8
   66        4503646                                  1989537                               29.2
   67        4503861                                  1989537                               29.6
   68        4503861                                  1989664                               29.9
   69        4504009                                  1989664                               30.2
   70        4504009       237526      1137919        1989734       144993       658639     31.0
   71        4504108                                  1989734                               31.4
   72        4504108                                  1989776                               31.7
   73        4504176                                  1989776                               32.1
   74        4504176                                  1989810                               32.5
   75        4504227       237541      1138025        1989810       145009       658698     33.3
   76        4504227                                  1989832                               33.7
   77        4504262                                  1989832                               34.1
   78        4504262                                  1989858                               34.4
   79        4504302                                  1989858                               34.8
   80        4504302       237550      1138077        1989889       145015       658727     35.5
   81        4504322                                  1989889                               35.8
   82        4504322                                  1989907                               36.2
   83        4504323                                  1989907                               36.4
fixpoint reached; mismatches against the table: 0
