layer 20: 80214915 boards, target t=10; table {gM>=t} and {gN>=t} sizes: 30445056 13830636
  ply          |W_i|      W nodes      W edges          |N_i|      N nodes      N edges      sec
    0              0            0            0              0            0            0      1.1
    1       17771279                                   127108                                3.7
    2       17932028                                  2632667                                5.5
    3       20471629                                  2758173                                7.3
    4       20697701                                  5291802                                9.8
    5       22670488                                  5457670                               11.9
    6       22917913                                  7455832                               13.9
    7       24459578                                  7646149                               15.9
    8       24705494                                  9109968                               18.1
    9       25929609                                  9300331                               20.0
   10       26158991      1079158      5916370       10393539       611092      3188327     24.8
   11       27128087                                 10560854                               26.7
   12       27320987                                 11369931                               28.5
   13       28068936                                 11496079                               30.8
   14       28207712                                 12075067                               33.2
   15       28753194                                 12166444                               35.5
   16       28844502                                 12568621                               38.1
   17       29228216                                 12631369                               40.6
   18       29287425                                 12911089                               42.8
   19       29558180                                 12954513                               45.2
   20       29595658      1163248      6491131       13150482       723741      3803008     49.9
   21       29786576                                 13177944                               51.7
   22       29809047                                 13317659                               53.6
   23       29946441                                 13333755                               55.5
   24       29959466                                 13437625                               57.5
   25       30061454                                 13447195                               59.3
   26       30069281                                 13527505                               61.1
   27       30146841                                 13533018                               62.9
   28       30151704                                 13596111                               65.1
   29       30213201                                 13599405                               67.1
   30       30216429      1175853      6589855       13649446       738035      3881908     71.2
   31       30265850                                 13651600                               73.0
   32       30267954                                 13692117                               75.0
   33       30307458                                 13693622                               76.9
   34       30308846                                 13725575                               78.9
   35       30340341                                 13726510                               80.9
   36       30341293                                 13751340                               83.1
   37       30366358                                 13751919                               85.0
   38       30366956                                 13771497                               86.9
   39       30386979                                 13771906                               88.7
   40       30387304      1177826      6609542       13786845       741135      3894826     92.8
   41       30402837                                 13787073                               95.4
   42       30403066                                 13798735                               97.4
   43       30415183                                 13798872                               99.4
   44       30415289                                 13807855                              101.4
   45       30424065                                 13807920                              103.5
   46       30424112                                 13814542                              105.6
   47       30430438                                 13814587                              107.8
   48       30430488                                 13819408                              109.8
   49       30435080                                 13819436                              111.7
   50       30435102      1178672      6616394       13822966       742471      3900899    115.7
   51       30438498                                 13822975                              117.5
   52       30438498                                 13825636                              119.0
   53       30440943                                 13825636                              120.8
   54       30440943                                 13827528                              122.6
   55       30442666                                 13827528                              124.6
   56       30442666                                 13828798                              126.4
   57       30443711                                 13828798                              128.3
   58       30443711                                 13829626                              130.5
   59       30444356                                 13829626                              132.3
   60       30444356      1178850      6617869       13830113       742690      3902194    136.5
   61       30444760                                 13830113                              138.3
   62       30444760                                 13830377                              140.2
   63       30444922                                 13830377                              142.3
   64       30444922                                 13830490                              144.2
   65       30444973                                 13830490                              146.2
   66       30444973                                 13830541                              148.2
   67       30445010                                 13830541                              150.1
   68       30445010                                 13830582                              152.2
   69       30445026                                 13830582                              154.5
   70       30445026      1178852      6617944       13830596       742715      3902314    158.7
   71       30445034                                 13830596                              160.4
   72       30445034                                 13830607                              162.4
   73       30445044                                 13830607                              164.3
   74       30445044                                 13830619                              166.4
   75       30445052                                 13830619                              168.3
   76       30445052                                 13830635                              170.8
   77       30445056                                 13830635                              172.8
   78       30445056                                 13830636                              174.8
fixpoint reached; mismatches against the table: 0
