layer 14: 19980780 boards, target t=7; table {gM>=t} and {gN>=t} sizes: 8810478 5582003
  ply          |W_i|      W nodes      W edges          |N_i|      N nodes      N edges      sec
    0              0            0            0              0            0            0      0.6
    1        3398744                                   126715                                1.1
    2        3533426                                   338897                                1.7
    3        3831017                                   446670                                2.3
    4        3986527                                   702778                                2.8
    5        4310474       189094       712470         833967        62682       237831      4.1
    6        4482317                                  1158183                                4.6
    7        4817902                                  1306894                                5.1
    8        4999840                                  1681684                                5.6
    9        5323075                                  1829113                                6.2
   10        5483338       243496       961188        2213422       134419       553718      7.5
   11        5765634                                  2345119                                8.1
   12        5901707                                  2664503                                8.6
   13        6141827                                  2785307                                9.2
   14        6265546                                  3050850                                9.7
   15        6478292       257435      1034779        3148334       165670       686377     11.3
   16        6578258                                  3375595                               11.8
   17        6763532                                  3449819                               12.5
   18        6839161                                  3652177                               13.0
   19        7008847                                  3710195                               13.6
   20        7068909       267425      1089015        3895850       181037       753434     15.1
   21        7231885                                  3943268                               15.6
   22        7281160                                  4127406                               16.1
   23        7447175                                  4166178                               16.6
   24        7485706                                  4353812                               17.1
   25        7659829       271141      1120335        4384702       195963       818291     18.8
   26        7688102                                  4578081                               19.4
   27        7870975                                  4600403                               20.4
   28        7890840                                  4792884                               20.9
   29        8071432                                  4808991                               21.4
   30        8084841       273975      1142627        4984571       213359       901440     22.8
   31        8246999                                  4994912                               23.3
   32        8255652                                  5141139                               24.0
   33        8390826                                  5147231                               24.6
   34        8396086                                  5259826                               25.3
   35        8501623       276871      1167137        5263446       223007       945240     26.7
   36        8504776                                  5345158                               27.4
   37        8580014                                  5347217                               28.0
   38        8581881                                  5401600                               28.6
   39        8633871                                  5403080                               29.3
   40        8635078       279051      1180655        5440199       231096       978867     30.7
   41        8670158                                  5441369                               31.2
   42        8671389                                  5465840                               31.8
   43        8695099                                  5467072                               32.3
   44        8696216                                  5484156                               32.9
   45        8713468       281207      1191272        5485126       233117       986390     34.3
   46        8714508                                  5498070                               34.9
   47        8727659                                  5499174                               35.6
   48        8728748                                  5509273                               36.2
   49        8739240                                  5510301                               36.6
   50        8740233       282099      1195869        5518865       234656       991929     38.2
   51        8749078                                  5519961                               38.6
   52        8750266                                  5527813                               39.3
   53        8758494                                  5529338                               39.7
   54        8760109                                  5536479                               40.2
   55        8767382       282591      1198691        5538305       235192       993775     41.7
   56        8769066                                  5544338                               42.2
   57        8775173                                  5545955                               42.7
   58        8776720                                  5550563                               43.2
   59        8781060                                  5551878                               43.7
   60        8782290       282646      1199202        5555260       235824       995844     45.2
   61        8785525                                  5556137                               45.6
   62        8786301                                  5559046                               46.2
   63        8789034                                  5559571                               46.6
   64        8789603                                  5562360                               47.5
   65        8792245       282901      1200381        5562725       236018       996578     49.0
   66        8792620                                  5565502                               49.5
   67        8795055                                  5565789                               50.1
   68        8795321                                  5568417                               50.6
   69        8797663                                  5568594                               51.1
   70        8797815       282949      1200728        5571168       236202       997474     52.7
   71        8800360                                  5571304                               53.2
   72        8800497                                  5573669                               53.8
   73        8802699                                  5573800                               54.3
   74        8802826                                  5575605                               54.8
   75        8804756       282979      1201078        5575659       236444       998506     56.4
   76        8804817                                  5577192                               56.9
   77        8806254                                  5577215                               57.5
   78        8806283                                  5578357                               58.0
   79        8807526                                  5578368                               58.6
   80        8807542       283036      1201355        5579392       236590       998886     60.0
   81        8808481                                  5579408                               60.7
   82        8808483                                  5580116                               61.2
   83        8808973                                  5580118                               61.8
   84        8808973                                  5580643                               62.3
   85        8809397       283009      1201274        5580643       236578       998796     63.9
   86        8809397                                  5581101                               64.5
   87        8809689                                  5581101                               65.1
   88        8809689                                  5581413                               65.7
   89        8809857                                  5581413                               66.2
   90        8809857       282967      1201139        5581542       236568       998776     67.7
   91        8809939                                  5581542                               68.2
   92        8809939                                  5581599                               68.9
   93        8810000                                  5581599                               69.5
   94        8810000                                  5581645                               70.0
   95        8810052       282977      1201169        5581645       236559       998706     71.6
   96        8810052                                  5581700                               72.2
   97        8810132                                  5581700                               72.7
   98        8810132                                  5581792                               73.3
   99        8810248                                  5581792                               73.9
  100        8810248       282983      1201233        5581865       236559       998726     75.4
  101        8810344                                  5581865                               76.0
  102        8810344                                  5581929                               76.5
  103        8810421                                  5581929                               77.0
  104        8810421                                  5581974                               77.6
  105        8810458       282972      1201223        5581974       236562       998726     79.1
  106        8810458                                  5581992                               79.7
  107        8810466                                  5581992                               80.3
  108        8810466                                  5582000                               80.9
  109        8810477                                  5582000                               81.4
  110        8810477       282971      1201222        5582003       236558       998701     82.8
  111        8810478                                  5582003                               83.3
fixpoint reached; mismatches against the table: 0
